137
80
78
71
13
10
26
10
0
264
13
73
72
68
82
264
1
144
271
119
4
3
264
0
121
208
0
197
278
48
80
76
84
69
278
128
290
0
128
291
264
294
293
293
294
294
192
302
255
278
304
255
304
264
307
0
306
307
307
123
31
177
196
264
32
104
73
68
65
84
120
218
221
157
185
150
235
40
16
64
201
232
236
253
42
25
100
114
6
153
126
213
153
200
60
84
21
171
4
2
201
182
108
15
115
166
187
159
23
137
171
90
217
217
163
89
172
132
162
30
191
81
88
235
13
205
25
151
84
204
252
233
90
158
7
177
66
4
140
31
17
75
29
100
97
2
69
97
140
6
12
247
255
386
138
158
2
209
140
4
161
165
210
94
38
236
219
73
106
32
154
228
17
11
40
153
22
95
78
82
1
17
209
202
149
9
2
145
70
139
79
87
245
40
72
178
242
233
97
172
1
225
112
52
150
191
79
215
245
24
136
224
1
100
126
40
7
50
27
167
87
250
230
172
229
187
93
215
10
196
58
121
68
16
173
209
113
25
105
14
251
224
249
195
32
86
48
25
65
44
184
45
34
193
50
174
90
238
27
151
147
20
32
150
229
254
202
27
58
152
135
62
4
130
159
255
40
136
200
65
20
212
71
161
195
162
23
254
13
94
82
224
151
63
9
82
100
37
200
224
109
227
230
2
34
227
131
32
128
205
5
27
251
240
91
64
52
47
227
160
142
32
11
135
216
50
13
93
208
89
22
8
150
143
125
250
29
32
75
33
15
80
169
76
201
152
243
2
243
208
5
239
32
61
198
197
199
64
44
147
117
16
167
98
12
42
231
254
71
7
188
56
81
237
48
113
224
112
229
41
16
231
246
148
49
231
64
110
43
16
241
103
162
72
24
62
99
38
197
63
119
15
68
108
94
111
161
79
179
39
36
162
65
55
241
150
82
205
195
223
10
518
9
33
11
107
231
49
128
184
170
193
165
157
108
156
7
14
217
75
19
132
61
39
17
119
129
88
11
168
207
81
144
155
220
168
150
138
177
16
159
16
6
74
223
254
109
71
249
654
205
179
94
107
99
169
252
465
229
98
125
5
184
136
34
67
193
202
65
14
38
64
117
240
147
115
7
228
223
57
14
189
121
156
114
240
145
248
143
221
92
138
181
38
113
46
151
37
27
65
129
11
231
163
29
178
171
108
75
36
30
100
244
57
174
202
214
227
12
203
196
131
48
140
98
220
235
165
87
208
25
45
155
133
66
32
16
35
32
80
84
174
5
170
168
197
51
22
34
242
38
80
114
59
227
32
160
153
43
91
23
12
109
196
85
13
165
1
142
136
107
249
136
30
165
81
85
139
239
159
108
186
44
41
10
23
36
35
143
133
642
240
241
168
148
244
147
251
142
7
199
3
45
119
240
90
92
204
65
64
188
229
78
240
221
249
28
8
175
131
12
41
23
129
200
28
196
101
42
206
16
216
159
142
87
157
157
196
64
92
156
205
65
34
455
98
57
8
68
159
34
89
208
31
158
20
9
130
160
207
75
137
150
3
113
129
35
191
162
119
138
32
145
8
50
63
108
173
186
228
178
78
245
233
201
86
25
177
18
442
69
186
40
4
119
14
43
939
202
166
156
68
801
25
136
209
213
231
180
144
239
173
66
14
8
164
14
50
160
91
140
30
69
230
246
132
251
7
212
212
100
47
49
184
24
134
185
155
140
62
172
851
231
128
129
112
57
76
34
219
101
160
47
10
65
56
212
221
107
23
15
14
151
252
32
247
143
68
122
111
180
176
224
182
154
234
99
232
141
195
77
43
190
3
242
111
8
36
154
8
1020
177
5
33
33
129
207
117
41
698
183
213
51
193
99
217
171
211
172
216
173
121
198
72
0
228
30
195
160
192
198
29
129
168
89
98
83
196
153
6
75
6
254
192
6
24
5
250
142
188
237
212
187
121
81
136
66
53
80
134
64
28
134
136
102
46
153
111
81
112
200
24
181
210
34
100
191
238
13
170
250
194
199
154
78
203
33
18
221
132
144
35
9
898
144
98
65
176
112
37
197
188
217
139
155
51
82
55
159
189
47
187
17
49
43
135
186
244
26
193
208
151
121
0
196
122
75
64
16
233
235
140
117
157
31
168
92
130
17
93
104
182
99
98
56
82
201
67
202
69
77
210
150
157
140
128
56
91
15
105
46
144
100
32
10
147
6
1185
251
138
152
11
170
133
243
238
133
177
28
241
92
84
1
83
231
232
235
49
67
91
1250
116
177
182
89
186
203
41
78
58
56
195
200
226
81
157
92
132
24
117
72
246
223
48
7
180
216
20
13
44
233
147
32
55
25
60
150
204
40
48
230
65
112
132
235
206
12
227
8
117
109
117
175
121
74
36
86
238
149
33
16
145
242
44
16
66
210
44
52
115
38
111
216
254
16
161
153
113
40
60
140
91
201
62
72
191
83
205
129
248
86
46
168
22
24
594
17
224
209
212
135
226
219
125
7
147
168
97
236
142
68
186
217
22
131
196
155
114
45
47
129
204
68
164
183
20
248
1309
32
71
184
147
173
87
226
73
63
180
51
232
127
33
175
5
207
189
4
678
222
106
22
218
125
135
179
218
67
32
74
55
220
175
248
215
187
14
3
167
69
210
96
235
18
64
38
28
112
160
246
171
61
200
49
94
188
40
84
3
100
233
130
128
37
147
68
4
245
156
36
145
176
8
18
202
241
102
198
240
55
130
223
213
103
65
518
99
174
133
137
124
46
145
0
146
5
241
19
237
165
209
111
44
123
57
1235
122
119
246
32
228
123
133
100
21
137
228
169
231
65
83
63
242
149
101
63
142
116
504
102
132
89
174
184
11
114
92
32
195
86
181
120
181
170
171
214
220
187
53
179
101
173
139
226
147
247
4
114
106
64
109
20
30
213
162
193
193
186
151
97
11
244
152
96
188
19
172
90
220
181
159
17
200
184
110
221
243
170
175
156
215
223
0
8
1405
180
95
235
32
28
58
74
125
57
97
234
143
99
186
213
176
16
72
181
122
1040
134
90
37
129
36
213
58
23
68
70
241
67
146
162
55
169
188
96
102
158
159
3
33
189
13
31
62
37
144
225
175
133
161
151
173
68
160
217
221
5
185
137
182
177
123
129
60
11
50
234
34
60
194
198
220
5
12
158
117
65
82
218
94
19
8
138
36
4
196
179
959
232
247
116
217
225
25
13
4
199
1112
32
201
209
182
116
235
223
115
2
25
110
138
45
170
10
226
154
220
198
116
59
147
99
199
97
157
3
154
190
131
51
5
118
36
50
216
155
178
184
38
53
107
112
12
128
240
125
348
241
73
40
205
50
56
52
11
157
79
155
161
76
78
28
106
80
181
118
221
214
179
18
121
12
78
154
88
22
174
36
99
5
10
243
3
103
242
5
32
121
26
127
174
232
177
43
216
1280
139
269
47
112
68
146
6
0
159
150
136
187
156
1770
100
249
55
250
73
26
59
6
139
197
122
225
172
5
95
411
65
41
155
167
39
145
45
99
214
174
161
55
54
104
20
222
93
37
142
94
198
214
149
136
179
181
1812
145
217
161
71
129
206
45
159
49
96
242
210
1566
128
106
25
57
168
226
155
18
239
189
12
205
126
166
206
251
56
185
199
148
165
247
237
174
106
185
1754
157
28
54
143
181
183
67
110
203
123
71
205
107
28
186
219
66
421
200
201
9
138
75
66
177
35
30
124
241
57
157
93
115
104
245
52
8
69
36
137
1593
185
208
54
159
178
224
51
15
128
196
228
212
174
196
49
8
114
235
201
3
64
206
248
173
217
64
219
208
208
195
238
187
173
5
39
56
747
173
78
222
74
203
97
213
186
239
74
132
38
252
187
43
31
78
125
173
81
0
129
115
518
129
49
64
137
75
59
144
91
39
213
146
9
164
243
125
0
73
67
59
27
137
68
5
59
188
168
7
122
246
227
88
123
127
156
14
44
195
249
54
252
6
142
93
210
180
233
20
72
186
29
1701
18
161
30
34
74
227
84
5
164
245
144
44
212
5
190
26
125
102
95
34
32
5
49
205
1411
229
90
133
101
234
6
902
71
181
4
129
0
201
246
58
22
28
243
92
191
42
245
122
115
21
104
251
32
152
90
253
61
212
12
182
32
139
144
78
241
176
167
17
187
32
65
46
53
205
178
56
36
207
106
40
246
161
161
91
223
125
203
250
169
28
93
16
234
65
97
190
27
206
234
117
24
49
221
198
89
236
160
219
218
7
89
142
132
233
167
114
93
147
37
246
18
215
134
69
45
140
205
67
139
72
89
74
90
2097
55
106
67
77
190
125
79
243
126
243
210
29
141
172
131
64
167
54
167
86
163
164
33
209
149
68
178
254
85
62
89
47
135
88
116
120
24
218
199
196
238
240
50
39
144
63
15
226
68
194
75
161
116
39
31
52
64
168
19
6
245
138
227
16
99
97
35
182
232
39
230
244
94
114
43
81
91
165
115
154
106
4
100
9
205
143
201
204
248
64
148
41
163
251
124
235
112
208
248
72
11
68
208
79
190
6
209
229
240
195
42
21
139
83
127
93
26
238
64
0
65
116
66
59
245
0
9
232
192
2
16
11
105
129
201
73
230
238
82
181
26
136
95
220
74
195
63
33
148
100
143
212
202
213
119
74
151
38
164
145
9
196
16
200
126
222
233
187
175
96
70
168
1714
206
115
173
115
198
174
219
99
46
111
174
73
132
75
154
216
15
29
195
232
128
51
144
149
64
24
141
84
250
28
194
104
248
151
136
500
83
180
219
211
1949
59
229
4
12
97
186
230
15
172
181
155
109
9
34
186
241
184
559
252
100
101
20
12
252
75
0
86
161
8
81
116
190
160
226
192
15
11
149
158
31
116
81
103
175
15
235
2074
176
124
159
36
244
45
10
180
56
107
236
188
18
200
50
50
97
224
190
241
88
56
125
220
47
171
20
161
183
49
213
195
6
16
24
233
210
2323
229
99
238
65
74
156
122
227
65
180
227
0
221
226
251
73
142
183
16
63
117
125
198
204
185
16
201
173
223
1165
30
235
533
241
191
176
102
64
248
208
158
181
241
18
8
184
0
139
168
949
99
158
11
198
111
189
102
205
1029
172
207
163
27
66
241
209
48
68
46
247
49
187
178
145
129
229
68
204
79
57
94
1020
31
154
221
181
5
76
4
22
188
2
226
228
109
93
224
98
126
42
188
75
199
92
195
195
189
55
217
96
34
248
96
35
8
196
134
26
75
208
172
144
188
74
39
217
810
154
247
219
202
91
16
84
46
236
143
193
72
72
177
68
1501
136
14
78
1158
7
204
55
120
136
238
109
231
112
4
204
112
150
193
17
114
163
157
122
103
32
82
214
210
179
48
46
18
102
128
226
115
41
4
34
199
230
107
173
253
175
159
137
9
1583
103
204
99
36
41
64
232
217
57
113
43
23
33
172
119
192
139
115
46
76
45
81
67
96
107
2
234
54
176
56
163
45
246
42
84
53
11
166
82
198
1
217
191
210
101
177
177
57
141
203
6
132
166
145
10
154
83
7
92
60
87
173
71
240
47
0
2
179
149
133
143
36
1107
10
157
82
1099
224
69
53
78
109
99
168
170
52
181
65
149
51
206
189
235
133
199
23
51
134
60
65
193
2037
28
136
87
48
202
252
144
75
230
142
92
83
156
4
16
2652
183
184
126
39
23
46
174
144
82
40
145
5
69
200
153
1621
170
100
190
20
140
244
78
224
100
171
236
2422
68
66
156
147
60
141
128
52
242
95
74
224
189
128
218
32
1301
111
78
169
1676
155
73
103
223
70
37
50
232
125
111
92
146
835
65
189
20
233
92
208
44
33
89
136
35
249
237
253
75
98
16
164
154
109
145
108
56
197
17
152
119
150
129
24
124
74
168
110
22
98
30
232
180
87
150
44
207
146
62
60
207
208
163
43
178
186
145
161
72
229
81
124
12
9
211
38
107
101
100
203
9
0
209
171
239
113
242
193
56
217
6
255
5
173
221
124
66
10
206
198
230
180
98
1
159
131
162
167
2413
195
204
6
67
168
177
27
16
230
231
174
135
158
43
237
50
171
44
134
212
65
92
80
27
216
221
0
167
148
215
2857
30
162
64
141
200
227
114
1293
80
38
161
113
133
117
155
205
35
171
40
53
238
22
150
148
134
139
76
44
202
40
204
215
113
52
161
41
15
472
184
90
161
105
36
225
214
235
244
151
34
88
74
181
66
106
171
189
187
245
221
147
196
161
10
16
223
114
78
37
68
195
221
42
140
174
31
217
62
11
17
116
140
930
220
41
179
183
5
61
102
170
94
212
57
227
117
201
66
240
240
32
243
227
94
121
218
98
5
194
219
18
97
67
107
207
104
33
76
1678
178
119
17
254
94
45
135
54
197
236
1759
43
242
152
74
147
40
188
102
61
68
217
160
2577
129
224
133
96
196
171
65
178
25
116
41
99
192
82
120
64
171
252
34
57
184
125
46
119
146
73
145
1732
143
98
166
100
184
15
76
105
13
209
94
144
220
219
19
1295
65
2583
47
33
104
21
167
56
203
253
109
87
174
124
161
220
8
189
115
121
151
0
161
67
55
200
84
118
148
11
252
63
78
83
24
1690
95
245
118
43
69
239
239
194
3
22
222
172
48
56
176
18
82
134
205
130
196
117
2313
84
85
220
144
119
106
191
4
135
239
206
135
25
6
41
238
37
243
39
72
93
66
160
194
101
80
50
222
211
136
141
216
189
197
71
245
154
183
32
81
468
0
217
157
160
52
180
73
131
247
1865
1463
211
83
2951
1793
232
45
634
162
178
30
17
117
74
167
48
162
219
53
12
147
41
107
19
17
207
129
220
217
110
193
219
149
58
228
91
17
149
86
31
25
71
104
118
235
71
251
178
206
81
80
92
103
187
97
100
104
3000
136
1
123
215
9
161
120
165
66
122
21
93
130
210
153
2
196
216
129
43
239
78
81
26
91
27
31
23
230
55
165
159
236
125
253
228
117
181
741
46
182
3246
235
37
231
33
136
236
114
12
173
3
79
91
37
236
105
64
21
373
221
70
236
22
2155
7
99
159
111
59
87
246
45
220
142
102
13
141
49
101
155
87
108
235
47
252
111
202
244
234
170
186
1119
175
58
210
123
2
17
124
223
103
129
143
30
335
182
19
217
60
174
181
6
84
83
183
45
136
40
64
118
199
95
84
232
114
2137
169
142
151
181
64
234
93
167
126
22
173
95
157
88
155
194
187
190
133
75
235
11
144
61
205
138
170
197
58
31
82
253
68
62
129
212
372
199
132
11
27
91
1231
203
128
207
206
161
167
119
61
183
194
174
64
116
175
2019
137
96
67
95
119
71
99
51
215
118
171
93
36
120
45
64
98
255
156
5
43
104
13
218
9
39
732
179
1
129
117
53
499
62
20
249
7
181
163
90
178
238
233
27
32
107
145
136
244
155
251
110
109
116
67
10
18
144
121
9
93
255
171
11
58
167
80
246
73
117
107
184
107
233
25
200
62
73
30
108
110
237
107
113
108
143
150
218
111
424
218
227
6
129
236
170
141
30
81
45
50
80
204
44
213
32
136
221
187
152
192
158
2925
161
33
231
3297
16
206
1354
75
218
253
22
172
150
169
19
190
89
4
237
11
128
189
234
106
12
100
43
146
208
91
205
36
53
234
248
70
22
134
58
224
60
137
206
182
33
193
230
213
110
21
255
164
76
27
26
236
9
132
246
100
225
206
121
77
99
32
1196
43
165
64
194
119
160
201
53
136
197
46
81
234
209
197
245
169
174
93
154
64
246
53
235
175
223
237
224
149
129
199
158
189
105
3636
105
26
30
38
220
140
21
122
131
95
81
70
61
116
154
65
2519
169
233
253
26
14
24
72
152
17
35
253
250
213
230
248
194
42
179
220
94
432
241
30
18
26
232
153
141
60
66
2342
22
94
246
240
225
28
68
116
106
232
103
2202
130
80
123
26
62
71
143
107
30
2
169
180
230
232
54
210
255
207
43
32
212
8
896
236
4
99
34
195
209
176
147
192
131
14
224
186
66
150
967
135
64
42
46
525
199
71
217
118
166
91
177
163
193
152
164
146
124
62
34
144
110
134
2
27
205
0
172
223
52
0
187
254
1125
170
45
44
234
108
244
59
113
36
18
21
59
126
84
172
179
123
59
57
132
221
39
205
125
95
233
3424
115
201
85
16
96
1160
125
132
119
3
178
1387
82
101
243
249
8
73
36
65
139
120
54
179
231
198
246
10
49
72
209
153
176
91
10
172
45
146
202
54
185
213
250
167
235
101
34
201
75
216
186
99
22
99
2
3070
141
67
218
592
117
122
181
205
100
11
178
137
239
34
9
118
3910
18
5
55
914
6
5
1428
216
46
10
238
33
133
2965
130
52
188
25
77
42
13
251
117
5
226
194
190
112
199
186
72
112
188
112
182
9
179
243
172
3
2326
241
205
136
164
16
212
233
60
4
82
77
185
100
6
82
83
46
104
705
179
117
45
160
89
13
9
100
3840
129
182
148
139
170
17
134
56
42
102
82
235
106
217
218
59
207
126
178
170
114
81
75
221
57
72
29
64
58
143
218
239
197
194
250
673
244
0
105
115
3811
193
87
251
140
90
15
49
254
181
21
201
236
171
53
207
222
37
275
3197
248
30
8
55
34
52
182
189
84
188
48
2095
144
66
36
249
150
47
169
26
3568
55
38
246
97
119
56
120
0
233
24
201
230
222
34
72
115
30
0
89
217
187
1201
1142
184
224
187
164
105
130
237
548
61
150
161
252
213
63
1288
59
236
213
65
90
83
663
43
213
92
215
156
4043
245
243
41
124
239
83
52
3178
16
248
103
1529
2315
232
87
2568
174
155
158
79
197
224
113
134
254
152
64
152
218
108
204
208
3309
1493
37
245
171
76
3
32
143
238
29
120
69
2969
147
177
207
193
84
47
203
10
119
169
93
42
108
7
54
2
114
171
124
123
253
66
61
48
2
79
255
73
119
211
283
82
3549
156
949
0
82
1666
14
194
149
23
2879
193
244
80
231
28
147
91
99
227
52
233
114
237
131
155
32
165
11
22
85
153
84
45
2124
65
142
1726
138
91
195
87
188
76
230
62
200
163
115
11
186
143
170
24
202
192
1540
71
144
94
16
137
237
211
242
53
154
18
183
50
147
54
1597
97
178
161
219
24
202
136
222
131
211
241
51
212
58
330
170
95
142
199
125
150
85
31
100
72
36
56
45
238
152
125
80
5
52
78
93
21
29
153
236
52
131
249
202
224
119
3699
231
218
100
53
2710
56
194
131
244
171
13
362
222
185
109
217
54
217
27
104
188
173
47
91
151
17
182
223
196
88
124
75
32
76
118
91
1874
2915
87
36
190
9
191
472
42
146
3
3459
141
243
20
17
100
224
227
213
87
1
63
95
192
63
245
64
114
145
140
2577
126
2893
209
188
68
120
175
89
245
215
124
191
216
85
125
238
129
100
81
81
196
3452
173
21
246
229
145
57
233
17
213
226
183
189
1801
162
186
32
213
235
156
65
240
355
220
27
118
204
61
1
34
51
16
16
2822
86
65
237
226
167
65
184
93
129
116
227
225
222
189
130
173
123
145
116
64
238
47
5
201
50
126
227
103
70
239
151
186
67
128
10
132
237
250
189
138
1659
42
3120
13
18
251
87
168
41
220
157
240
224
138
218
184
3723
116
213
133
157
135
157
110
245
64
186
235
45
199
75
153
204
244
2382
168
182
237
56
146
194
41
71
221
234
206
188
169
221
44
116
97
3753
14
159
146
137
204
131
57
178
84
173
59
240
20
128
73
183
186
32
53
145
132
205
233
186
58
158
127
94
102
227
13
78
201
110
172
63
52
226
34
123
227
51
25
7
9
103
238
207
133
170
95
10
231
217
1701
60
211
3216
205
248
135
190
19
223
28
238
155
58
107
102
191
152
18
165
185
151
16
221
2080
182
113
37
104
244
244
253
1766
245
6
198
124
233
56
19
2231
30
105
182
184
70
130
110
92
86
228
14
205
93
243
223
192
236
180
138
72
176
119
156
239
199
179
24
118
225
2682
151
148
224
116
126
74
145
193
70
134
36
3228
93
183
86
57
170
123
92
106
0
164
234
184
184
111
2713
239
2575
163
108
113
193
138
56
31
12
193
70
244
72
254
230
162
197
173
14
194
253
170
34
191
135
253
216
193
49
155
202
138
234
159
233
241
84
22
214
155
2701
156
72
8
136
1599
3782
72
85
183
60
8
1512
136
113
137
52
134
126
124
89
63
214
58
6
1056
72
32
166
59
124
18
158
74
189
19
153
162
200
164
233
183
28
148
72
213
113
249
215
74
67
105
72
3
3701
113
87
5
200
80
195
128
75
85
127
3
1722
14
155
143
143
3961
195
59
174
120
143
225
4
77
176
142
1
91
91
133
209
656
162
215
178
1388
184
17
18
105
72
130
156
226
56
200
94
63
68
104
123
139
182
48
200
68
30
209
214
189
138
13
74
228
86
125
128
244
248
210
105
204
939
164
106
37
233
138
254
74
124
227
165
214
28
233
124
3267
4
164
234
182
56
109
178
76
191
177
140
196
145
61
145
100
205
155
166
3250
1621
21
62
24
186
194
186
106
1913
85
189
246
2254
140
36
131
18
105
45
186
12
12
115
152
149
178
45
177
87
211
242
216
96
63
0
34
235
254
804
62
228
254
40
27
61
14
146
2211
253
133
50
142
108
128
167
230
118
3
72
64
13
75
100
110
125
12
236
3560
191
30
6
104
125
39
196
48
200
118
213
123
0
81
105
177
106
205
233
182
65
198
178
45
57
85
37
87
102
90
67
217
175
47
13
69
205
56
124
169
48
148
111
28
4
105
54
73
178
106
136
3
1040
205
247
121
82
171
145
18
229
21
189
91
175
134
120
23
161
238
221
15
57
111
220
111
88
53
69
34
143
113
3517
145
3404
70
107
45
183
3
32
1076
87
99
31
223
81
16
225
215
41
14
233
22
175
116
64
76
247
53
140
2011
128
228
65
49
108
109
113
100
27
3889
162
67
232
28
1
145
219
182
21
223
168
185
3995
82
174
241
227
89
143
254
707
48
201
110
96
240
23
123
89
215
2
89
39
26
28
102
11
29
1993
186
234
151
167
30
220
205
45
184
95
56
80
104
220
72
248
250
99
48
2469
148
28
240
68
143
28
82
42
242
239
202
35
103
197
22
32
70
133
216
126
235
115
108
884
13
114
221
146
180
244
238
8
200
146
127
249
152
129
517
105
171
191
843
53
200
63
184
84
2111
28
151
26
29
58
54
86
228
28
135
247
110
76
199
129
234
3
32
170
4
241
83
105
10
89
226
107
3813
238
153
98
29
63
74
94
133
83
170
98
139
100
192
218
87
32
97
253
1130
18
122
237
216
65
190
153
68
142
238
219
232
1501
188
243
149
113
101
117
31
132
149
159
154
194
197
72
205
113
103
18
95
3351
117
185
39
137
28
22
200
67
134
40
560
198
202
3
237
246
2
36
127
122
166
92
112
119
12
196
38
144
195
28
143
208
28
201
36
210
55
18
3610
3032
232
25
40
34
128
28
23
200
99
81
158
67
69
107
239
55
119
85
230
165
255
237
93
253
32
1268
65
142
91
1065
104
92
66
169
34
72
215
72
148
140
10
184
127
2522
167
118
11
22
66
233
225
2
115
155
125
147
50
130
220
58
28
56
46
239
23
23
236
95
253
40
200
157
141
238
93
80
1
9
3854
73
164
103
36
24
59
4016
155
70
28
3778
29
65
206
104
22
238
181
138
219
198
170
172
227
168
163
91
216
151
127
27
89
154
127
24
228
206
216
192
142
112
117
144
232
182
18
72
103
197
27
200
78
234
241
93
56
14
148
133
49
126
198
103
61
98
178
229
5
51
162
91
28
3369
108
35
235
499
184
171
217
41
142
208
251
160
115
144
253
41
69
146
82
254
247
128
2875
130
152
212
43
41
85
103
85
178
86
206
162
134
118
123
63
14
242
120
26
68
39
18
181
107
238
56
183
248
125
32
119
118
210
3375
22
68
239
138
132
227
1
137
250
93
518
13
30
70
219
2065
186
188
181
115
73
59
86
162
36
182
139
143
109
94
113
160
220
134
118
92
169
20
21
48
1661
104
100
123
38
29
135
207
41
51
118
144
203
25
16
123
22
196
196
54
98
112
91
92
2066
92
200
63
76
48
213
152
34
159
1
121
244
55
173
2853
172
71
83
164
31
206
108
248
44
1813
183
130
394
85
179
42
14
128
83
221
3055
40
171
55
45
205
2729
131
99
189
53
167
64
70
207
115
218
126
47
26
123
236
25
210
56
229
180
86
12
6
17
211
63
12
230
3
32
58
246
164
144
379
170
86
1751
127
124
157
131
121
35
72
60
253
225
449
172
186
34
16
221
2969
35
206
193
76
190
16
196
70
3499
255
175
258
6
86
45
29
62
39
6
123
52
3281
156
61
191
206
130
186
80
112
55
52
105
72
82
27
126
67
2
137
37
117
129
189
23
228
196
177
180
88
130
153
107
218
247
151
24
144
69
3851
74
255
189
2824
78
31
141
24
515
133
46
199
160
65
165
153
32
7
41
158
211
191
233
157
32
67
79
105
91
22
101
178
132
139
126
122
171
209
249
201
240
116
28
140
196
36
254
157
238
247
188
145
100
169
60
132
109
252
133
2346
695
142
81
87
30
206
224
123
99
237
170
211
32
103
141
36
7
201
138
138
63
72
78
152
154
248
127
189
87
34
189
179
127
90
197
3048
229
207
98
55
132
160
131
158
5
159
28
108
231
189
32
167
15
66
85
53
121
24
158
85
158
10
39
34
241
110
144
211
39
161
46
57
71
12
136
198
187
99
29
2314
153
15
253
126
183
106
157
46
214
152
82
26
217
79
131
233
110
241
166
146
127
111
6
57
171
91
3769
77
173
1009
163
120
78
167
233
207
247
122
173
243
32
38
175
122
1939
185
146
217
27
198
239
249
15
239
136
119
131
204
103
191
184
149
132
150
33
163
215
62
2750
151
130
154
189
25
228
252
1866
744
188
192
81
165
117
232
244
199
187
65
206
134
196
218
57
236
222
38
76
252
23
66
209
234
81
245
110
144
211
70
98
87
81
196
71
68
240
182
42
57
1498
29
241
187
65
206
235
22
213
222
2789
23
44
93
75
204
184
124
188
87
3656
191
1090
180
110
185
230
85
108
229
170
2072
180
135
208
217
59
124
112
202
203
19
32
231
117
171
3664
53
65
132
212
43
914
949
118
135
74
2658
66
23
67
74
33
181
231
242
50
251
2849
26
12
213
233
2329
196
202
120
225
1526
210
50
100
194
131
2894
159
201
181
78
131
248
68
94
132
105
212
84
115
157
130
71
50
245
1192
206
91
187
143
227
926
130
215
598
221
162
215
26
187
230
51
32
231
173
61
179
107
111
240
169
129
155
242
22
255
215
251
65
158
208
1694
35
204
107
247
249
84
138
42
193
112
212
47
128
132
224
206
203
80
162
51
142
75
65
78
235
214
35
130
20
217
123
6
162
147
177
304
72
220
252
182
236
70
137
193
253
2360
121
18
100
240
38
149
82
152
67
172
183
218
74
231
3555
243
14
56
233
150
78
29
88
73
12
185
83
187
4
228
108
239
86
106
93
21
126
106
243
226
101
32
231
139
141
122
68
157
63
101
251
48
209
13
28
70
240
3555
193
199
85
50
224
2352
57
176
29
162
162
102
2359
35
231
67
2552
228
140
223
66
101
49
90
166
134
45
14
96
149
106
150
254
3081
16
191
155
99
233
159
162
125
232
240
3722
1648
31
132
54
51
101
179
58
14
32
226
0
3695
56
222
67
241
240
105
99
63
0
130
630
3919
14
134
134
45
216
148
140
51
80
147
72
168
76
898
156
141
36
214
4010
208
145
92
41
33
225
136
1539
214
95
5
114
36
146
204
158
65
195
2142
80
99
17
215
44
151
234
116
34
30
62
31
71
70
111
244
200
1379
104
99
125
211
170
1648
122
241
15
5
196
208
100
71
144
48
73
168
138
242
197
32
48
124
0
135
75
488
109
100
179
12
79
149
2790
36
109
63
155
75
68
43
213
6
249
119
29
349
252
73
99
39
226
49
58
78
74
1
137
40
213
22
201
116
29
200
96
83
148
144
157
76
64
36
115
24
216
5
137
24
179
3537
23
130
28
207
82
178
17
106
92
139
146
133
13
181
58
3053
124
98
238
11
108
100
232
161
193
138
40
56
118
93
170
104
37
184
20
146
203
216
55
10
174
138
175
2826
92
139
23
128
140
5
247
217
197
192
25
164
23
173
61
84
58
484
136
181
3423
5
25
76
28
245
67
207
54
219
44
44
246
339
223
474
229
141
5
251
63
3346
95
226
126
167
65
16
218
36
97
42
29
112
106
29
114
150
28
217
97
91
127
9
200
152
185
195
129
217
88
255
120
8
103
415
194
113
54
51
255
118
16
104
136
88
99
182
170
229
75
232
227
42
64
6
78
1
127
553
286
84
102
83
146
179
194
95
193
105
229
18
185
24
164
39
18
231
117
167
45
71
209
146
130
3723
38
39
52
235
69
32
115
239
3
21
140
76
181
168
234
194
239
58
147
129
244
174
251
106
144
186
110
57
188
244
122
118
98
240
74
1413
112
238
45
62
223
195
247
51
32
125
115
215
143
38
136
143
134
43
6
117
1377
94
5
82
125
116
57
158
153
1795
69
170
37
82
14
95
56
44
117
40
28
190
172
61
178
63
98
105
770
121
85
34
225
188
472
141
149
106
77
215
131
216
198
61
231
208
67
186
14
34
6
150
187
249
125
68
131
122
49
58
160
43
57
179
121
248
254
175
107
33
150
32
177
6
10
212
206
229
4019
200
178
188
1450
2870
39
219
229
72
5
94
5
178
228
3591
77
90
248
223
26
64
208
78
171
102
109
230
141
137
8
127
24
157
164
41
77
130
3184
76
102
242
9
144
116
80
240
236
81
102
111
20
21
89
68
835
2259
33
199
202
7
16
667
3393
62
2
18
151
148
224
4047
88
159
148
40
91
678
81
34
107
205
42
172
125
62
114
255
463
162
76
15
2432
215
57
1334
34
156
42
235
94
89
220
191
173
173
130
208
57
135
121
83
151
28
176
58
97
34
47
4
113
207
93
97
644
86
128
249
154
207
22
90
31
218
214
37
34
56
3679
225
228
195
83
140
60
182
250
255
117
32
22
43
110
141
53
3284
228
136
208
80
45
17
246
74
79
169
73
80
52
28
45
153
527
2
54
241
192
154
231
219
170
207
10
254
171
130
192
206
130
97
6
102
140
135
201
72
14
180
69
94
12
82
85
32
83
137
132
62
140
208
2173
87
119
141
17
158
243
176
127
164
31
190
250
3736
107
203
73
211
0
17
105
187
72
17
131
8
143
243
80
166
3281
52
30
125
131
143
182
80
3062
222
204
27
207
1621
169
52
103
237
30
200
170
172
66
202
193
123
191
20
228
136
72
82
141
181
130
229
46
17
132
159
200
79
94
13
82
183
18
219
3218
114
248
1847
31
189
245
107
744
136
68
2628
216
85
74
41
87
28
171
250
44
72
115
1575
150
106
21
185
85
94
166
15
131
140
139
196
115
248
25
15
81
52
39
125
3004
135
222
14
105
86
185
202
205
55
77
244
41
205
122
253
24
226
160
114
173
4
1494
217
94
248
183
129
216
49
146
154
93
240
36
163
249
243
32
99
202
165
67
4
89
23
117
82
179
222
0
50
100
239
13
95
21
102
99
79
1576
50
162
92
101
126
34
54
94
120
254
10
144
1
18
45
243
124
81
72
206
51
153
124
15
72
87
187
116
158
247
98
254
206
10
144
51
91
220
189
103
10
71
207
66
120
1315
206
241
223
79
3028
183
1646
244
46
136
8
59
2943
237
154
134
24
67
16
44
248
2356
119
124
215
2851
61
18
237
251
119
53
180
114
139
158
45
178
144
191
111
2
217
211
46
29
3996
76
11
74
115
228
167
175
2
121
152
150
239
42
93
86
165
156
186
221
27
231
107
181
72
36
43
39
106
112
89
14
186
157
219
150
243
157
19
207
234
241
68
203
213
170
145
117
255
239
252
117
32
85
67
209
249
211
231
216
13
79
231
85
72
90
132
113
82
179
222
12
98
43
28
155
25
64
161
211
65
63
370
111
159
211
184
234
46
133
46
120
94
7
9
10
54
125
39
200
42
162
220
146
56
244
138
37
184
226
249
91
65
10
253
218
136
163
148
202
121
205
186
102
186
108
102
32
101
245
51
179
15
127
78
223
12
18
54
218
209
178
93
184
22
778
225
101
593
2447
164
81
224
44
158
1576
41
74
144
140
8
46
23
39
104
154
103
52
235
3832
150
78
113
185
110
232
158
190
197
53
32
183
29
95
85
128
156
245
89
159
6
9
8
49
157
159
190
28
100
111
194
73
102
54
90
204
95
14
210
195
16
52
203
84
156
55
145
207
130
248
662
144
6
109
109
2445
57
136
109
130
208
102
71
97
131
198
39
76
228
179
32
2907
216
79
131
4
79
149
111
97
250
237
593
203
77
149
28
252
236
166
225
31
4
49
21
113
156
62
124
1538
32
164
92
155
221
188
159
184
199
37
1040
186
141
108
182
37
159
190
29
164
46
17
246
123
32
91
137
232
218
166
247
135
103
59
92
14
178
149
72
109
127
245
222
185
72
95
0
82
74
164
117
190
236
83
154
117
145
68
120
79
26
949
127
1436
93
244
49
1269
135
223
12
178
164
126
31
198
126
27
132
117
49
158
180
245
171
188
22
13
237
176
95
390
52
216
182
1151
158
73
125
175
2
89
224
128
17
46
126
31
196
14
29
5
252
220
61
174
105
179
2352
51
253
11
32
3078
202
41
103
226
57
239
123
85
191
86
207
66
28
200
191
95
0
185
742
4
254
191
0
145
2080
207
166
140
151
245
198
247
189
214
2640
227
101
227
35
2
35
197
110
28
249
9
16
155
29
247
210
40
207
116
60
92
7
242
232
199
145
31
1
81
251
41
138
123
239
212
36
173
235
65
140
16
251
145
228
201
220
247
50
144
165
171
91
211
111
128
216
255
13
136
18
157
120
248
236
29
174
218
241
204
220
246
51
148
127
63
3
944
35
34
63
191
191
246
197
32
15
181
107
37
131
71
90
124
3
136
157
229
30
199
248
6
112
31
7
105
31
152
141
51
110
126
6
4
231
159
213
132
194
233
252
208
223
1
241
231
28
139
21
5
29
244
248
204
120
238
229
577
29
176
105
418
147
217
204
186
249
3813
240
84
93
156
69
231
126
250
201
167
248
11
6
170
127
10
100
41
54
201
212
56
142
104
252
204
186
167
47
126
233
94
166
197
48
9
142
249
196
173
1
127
11
164
152
42
3600
59
157
126
2263
103
178
208
133
104
230
223
3783
159
57
240
18
19
185
20
196
154
22
201
243
38
114
41
200
108
181
42
142
176
81
193
226
167
159
2
89
204
108
529
42
214
48
60
51
149
241
3
32
22
82
245
236
84
243
184
82
233
37
38
114
97
246
11
203
47
230
98
42
115
60
7
102
250
37
16
61
185
106
834
157
96
243
75
518
107
48
15
71
82
113
92
175
184
193
85
577
28
235
490
56
150
245
158
52
211
1375
8
72
16
181
1458
224
233
16
121
214
245
10
159
117
93
191
22
108
115
15
59
59
73
218
185
166
216
36
243
4073
685
203
84
225
129
41
70
875
171
95
172
89
87
3282
148
198
37
198
218
135
16
157
146
149
215
104
214
85
32
34
59
134
142
4
162
226
158
216
175
185
195
69
32
225
212
120
19
162
58
156
9
74
63
167
95
2
177
89
227
22
143
23
194
152
130
145
229
5
77
145
203
65
98
193
78
7
250
75
63
61
84
1073
200
82
110
204
102
188
157
192
57
92
386
1
133
139
65
242
93
5
80
32
6
15
69
99
207
78
166
185
22
228
86
74
68
25
111
240
226
5
67
85
151
130
148
38
130
76
161
3
123
126
209
45
62
48
239
55
235
254
125
25
198
85
2170
121
141
226
69
238
234
74
4088
30
47
151
197
133
32
119
216
111
53
83
168
225
35
245
190
13
196
194
64
649
2626
126
184
240
1976
216
89
202
94
150
2362
203
127
165
180
78
20
114
156
248
1992
278
73
69
78
68
174
66
96
130
